                                      TP    FP       VN      FN  Accuracy  Sensitivity (Recall)  Specificity
Entidad Federativa                                                                                          
AGUASCALIENTES                     83610    92   140397     408  0.997773              0.995144     0.999345
BAJA CALIFORNIA                   157637    45   229051    3670  0.990484              0.977248     0.999804
BAJA CALIFORNIA SUR               123670    39   187068     415  0.998541              0.996656     0.999792
CAMPECHE                           42509    37    69587    1599  0.985615              0.963748     0.999469
COAHUILA DE ZARAGOZA              175899    69   266357    3467  0.992068              0.980671     0.999741
COLIMA                             65224     4    63452    2585  0.980277              0.961878     0.999937
CHIAPAS                            43328     5   180301    1058  0.995269              0.976164     0.999972
CHIHUAHUA                         156586   129   122119    7040  0.974923              0.956975     0.998945
CIUDAD DE MÉXICO                 1714685  1703  4648387  233301  0.964383              0.880235     0.999634
DURANGO                            75129    65   109672    2980  0.983790              0.961848     0.999408
GUANAJUATO                        346844   122   445610    2690  0.996464              0.992304     0.999726
GUERRERO                          113511    29   135413     848  0.996489              0.992585     0.999786
HIDALGO                           114764    42   102036    1134  0.994605              0.990216     0.999589
JALISCO                           279026   103   307510    2103  0.996253              0.992519     0.999665
MÉXICO                            442323   431   632962   45668  0.958891              0.906416     0.999320
MICHOACÁN DE OCAMPO               107049    71   227828    1205  0.996204              0.988869     0.999688
MORELOS                            86291    21   269193    2224  0.993724              0.974874     0.999922
NAYARIT                            71135    18    70706     512  0.996277              0.992854     0.999745
NUEVO LEÓN                        392083   177   420391    6517  0.991828              0.983650     0.999579
OAXACA                            142038    44   106375    5125  0.979616              0.965175     0.999587
PUEBLA                            202474   114   244473    6126  0.986231              0.970633     0.999534
QUERÉTARO                         174395    80   164204    2189  0.993343              0.987604     0.999513
QUINTANA ROO                      109651    36   105959    1261  0.994020              0.988631     0.999660
SAN LUIS POTOSÍ                   234913   118   396000    3345  0.994541              0.985961     0.999702
SINALOA                           170107    66   234383    2628  0.993384              0.984786     0.999718
SONORA                            169243    87   188432   24750  0.935069              0.872418     0.999539
TABASCO                           213919   293   386059     582  0.998544              0.997287     0.999242
TAMAULIPAS                        174300    73   212885    2217  0.994120              0.987440     0.999657
TLAXCALA                           52425    45    79785     835  0.993388              0.984322     0.999436
VERACRUZ DE IGNACIO DE LA LLAVE   214892    74   185638    3535  0.991070              0.983816     0.999602
YUCATÁN                           135351    40   167778     789  0.997273              0.994204     0.999762
ZACATECAS                          78085    51    88940    1420  0.991270              0.982139     0.999427
