2022-07-207-07,9999-99-99,97,2,73,1,2,2,2,2,2,2,2,2,2,2,2,2,2,2,2,97,1,2,7,99,México,97,97
2022-07-20,"g0b80,2,2,1,2,97,1,1,3,99,México""",97,97
20227-09,2022-07-08,9999-99-99,97,2,43,1,2,2,2,2,2,2,2,2,2,2,2,2,2,2,2,97,1,1,3,99,México,97,97
2022-02-07,"g,2022-07-08""",9999-99-99,97,2,36,1,97,2,2,2,2,2,2,2,2,2,2,2,2,2,2,97,1,1,3,99,México,97,97
2022-07-20,"g07,2,97,6,99,México""",97,97
2-07-06,2022-07-06,9999-99-99,97,2,52,1,97,2,2,2,2,2,2,2,2,2,2,2,2,2,2,97,1,1,3,99,México,97,97
2022-07-207-07,9999-99-99,97,2,73,1,2,2,2,2,2,2,2,2,2,2,2,2,2,2,2,97,1,2,7,99,México,97,97
2022-07-20,"g0b80,2,2,1,2,97,1,1,3,99,México""",97,97
20227-09,2022-07-08,9999-99-99,97,2,43,1,2,2,2,2,2,2,2,2,2,2,2,2,2,2,2,97,1,1,3,99,México,97,97
2022-02-07,"g,2022-07-08""",9999-99-99,97,2,36,1,97,2,2,2,2,2,2,2,2,2,2,2,2,2,2,97,1,1,3,99,México,97,97
2022-07-20,"g07,2,97,6,99,México""",97,97
2-07-06,2022-07-06,9999-99-99,97,2,52,1,97,2,2,2,2,2,2,2,2,2,2,2,2,2,2,97,1,1,3,99,México,97,97
